001000050000000000000002345380000000000307109689730000005723366960005000000120190706
001000050000000000000002345280000000000307109689730000000574564250005000000012065849
003000050000000000000000550080000000000307109689730000000252000000005000000005292000
003000050000000000000000549980000000000307109689730000001711397070005000000035939338
003000050000000000000000549880000000000307109689730000000335343600005000000007042216
001000100000000000000000021980000000000273763791620000000191305520005000000004017416
001000010000000000000000009480000000000307185683970000000000000000003000000000000000
001000020000000000000000090980000000000200696396320000000200000000005000000004200000
001000030000000000000156229880000000000307163709640000000051724440005000000001086213
001000100000000000000031526480000000000307094663870000001632262640005000000034277515
002000090000000000000000192080000000000305514253350000000005000000005000000000105000
002000090000000000000000192380000000000305514253350000000015065290005000000000316371
003000070000000000000006557080000000000306467102070000000146125940005000000003068645
001000090000000000000000913580000000000307078450110000006592393640005000000138440267
001000040000000000000000019880000000000307150332040000027272727300005000000572727273
001018300000000000000011637280000000000305010100530000002895320480005000000060801730
001018300000000000000011637180000000000305010100530000002835604330005000000059547691
001018300000000000000011637380000000000305010100530000002835604330005000000059547691
001000030000000000000001210880000000000337102134590000000014132230005000000000296777
001000380000000000000000108580000000000306742870850000007494873120005000000157392336
001000140000000000000001330880000000000335218175990000009627049180005000000202168033
001000140000000000000001330780000000000335218175990000001622263500005000000034067534
001000130000000000000000116180000000000201243304250000000019173550005000000000402645
001000130000000000000000115180000000000201243304250000000038363640005000000000805636
001000130000000000000000122380000000000201243304250000000013884300005000000000291570
001000130000000000000000124580000000000201243304250000000018961980005000000000398202
001003000000000000000000489080000000000336227062590000000082644630005000000001735537
001003000000000000000000488980000000000336227062590000000028512400005000000000598760
001000030000000000000000173780000000000305045695230000005049000000005000000106029000
001000030000000000000000174480000000000305045695230000005680350000005000000119287350
001000030000000000000000174380000000000305045695230000004989600000005000000104781600
001000100000000000000000406780000000000307109256030000000037190080005000000000780992
001000100000000000000000410180000000000307109256030000000099173550005000000002082645
001000040000000000000071943280000000000307084058480000004605288430005000000096711057
003000040000000000000034160080000000000307084058480000000586955240005000000012326060
001000070000000000000002425780000000000307097217000000000031029040005000000000651610
001000050000000000000010274880000000000307097217000000000026526660005000000000557060
001000070000000000000002447280000000000307097217000000000130564640005000000002741857
001000050000000000000010307180000000000307097217000000000373500000005000000007843500
001000070000000000000002461980000000000307097217000000000459144700005000000009642039
001000050000000000000010429980000000000307097217000000000086116250005000000001808441
001000050000000000000010456680000000000307097217000000000027025200005000000000567529
001000010000000000000000045480000000000307184445820000000086776860005000000001822314
001000030000000000000002508680000000000306971715480000000063866000005000000001341186
001000030000000000000002287180000000000337154658390000003068270000005000000064433670
001000050000000000000014419380000000000306444067990000009099698440005000000191093667
004000040000000000000000190980000000000231243351240000006360000000005000000133560000
001000580000000000000000055080000000000305064372760000000021964860005000000000461262
001000020000000000000000004180000000000307187389770000008551480570005000000179581092
001000650000000000000007807180000000000305835167900000000158047060005000000003318988
001005010000000000000031292180000000000305005308510000029694965200005000000623594270
001005010000000000000031325780000000000305005308510000007543561480005000000158414791
001005010000000000000031325680000000000305005308510000054090007600005000001135890160
001005010000000000000031363080000000000305005308510000069741988100005000001464581750
001005010000000000000031363280000000000305005308510000048634773400005000001021330240
001005010000000000000031363180000000000305005308510000038160920900005000000801379339
001005010000000000000031383280000000000305005308510000008105795570005000000170221707
001005010000000000000031383180000000000305005308510000058136720900005000001220871140
001005010000000000000031383380000000000305005308510000166009265000005000003486194570
003005010000000000000018834780000000000305005308510000053021952300005000001113461000
003005010000000000000018895380000000000305005308510000068571588200005000001440003350
003005010000000000000018919980000000000305005308510000000074966950005000000001574306
001000010000000000000000018180000000000203223722730000001468000000005000000030828000
001000040000000000000007190380000000000307105755210000001106211290005000000023230437
001000040000000000000007190680000000000307105755210000000006490090005000000000136292
003000050000000000000001451780000000000307105755210000000000325000005000000000006825
003000050000000000000001451680000000000307105755210000000054986060005000000001154707
001000030000000000000000539580000000000337124585990000007664548500005000000160955519
002000030000000000000000001280000000000337124585990000000020000000005000000000420000
002000030000000000000000001380000000000337124585990000002991948000005000000062830908
003000030000000000000000089280000000000337124585990000000720664000005000000015133944
003000030000000000000000089580000000000337124585990000002991948000005000000062830908
001000020000000000000001383380000000000307155483520000000939807270005000000019735953
001000040000000000000000003480000000000272219741610000000489367840005000000010276725
001000040000000000000000005980000000000272219741610000000540239350005000000011345026
001000120000000000000003212480000000000306898056860000009967723490005000000209322193
003000010000000000000000022380000000000307167046920000000126137140005000000002648880
001000060000000000002251526780000000000306201774970000000164373760005000000003451849
001000060000000000002270726880000000000306201774970000000041093440005000000000862962
001002120000000000000008648280000000000307090813530000007233220200005000000151897624
001002120000000000000008722080000000000307090813530000001871801780005000000039307837
001002120000000000000008722380000000000307090813530000054933854400005000001153610940
001002120000000000000008729580000000000307090813530000004752298980005000000099798279
001002120000000000000008729080000000000307090813530000010992539500005000000230843330
001002120000000000000008729180000000000307090813530000049030030800005000001029630650
002002120000000000000000128780000000000307090813530000002967133080005000000062309795
002002120000000000000000128880000000000307090813530000000900894580005000000018918786
003002120000000000000001766580000000000307090813530000000750000000005000000015750000
003002120000000000000001780080000000000307090813530000000900894580005000000018918786
003002120000000000000001780980000000000307090813530000001166536960005000000024497276
003002120000000000000001780880000000000307090813530000002882862660005000000060540116
003002120000000000000001779780000000000307090813530000002967133080005000000062309795
001000350000000000000000362280000000000305628253350000004506237500005000000094630988
002000040000000000000000450380000000000307108489270000000009049770004000000000095023
002000040000000000000000451280000000000307108489270000000009049770004000000000095023
002000040000000000000000451380000000000307108489270000000009049770004000000000095023
001002080000000000000004959080000000000305005290710000010711596900005000000224943535
001002080000000000000004962180000000000305005290710000001097232710005000000023041887
001002080000000000000004962280000000000305005290710000005646695430005000000118580604
001002080000000000000004976180000000000305005290710000003758909950005000000078937109
001002080000000000000004976280000000000305005290710000009387734760005000000197142430
001002080000000000000004978180000000000305005290710000020325280300005000000426830886
001002080000000000000004978080000000000305005290710000000377659900005000000007930858
001002080000000000000004978280000000000305005290710000003007127950005000000063149687
001002060000000000000010698880000000000305005290710000010797057900005000000226738215
001002080000000000000004989680000000000305005290710000004424355520005000000092911466
001002080000000000000004989780000000000305005290710000000632282430005000000013277931
001002080000000000000004989880000000000305005290710000002203641810005000000046276478
001002080000000000000004989980000000000305005290710000002429514860005000000051019812
001000070000000000000002496080000000000307169202390000007682515600005000000161332828
001000070000000000000002495980000000000307169202390000002012972720005000000042272427
001000070000000000000002495880000000000307169202390000007538088470005000000158299858
001000120000000000000000019080000000000307169202390000000019651050005000000000412672
001000100000000000000000234080000000000337144084590000004230000000005000000088830000
001000100000000000000000234680000000000337144084590000004345200000005000000091249200
001000100000000000000000235380000000000337144084590000004329900000005000000090927900
001000100000000000000000236680000000000337144084590000004345200000005000000091249200
001000100000000000000000237480000000000337144084590000004349176000005000000091332696
003000100000000000000000024380000000000337144084590000000024140000005000000000506940
001000380000000000000126242780000000000305640667840000000015674810005000000000329171
001000380000000000000126400980000000000305640667840000006555564670005000000137666858
001000380000000000000126401080000000000305640667840000005624035140005000000118104738
001000380000000000000126400880000000000305640667840000011350221900005000000238354659
001000400000000000000012879480000000000305640667840000002278407520005000000047846558
001000050000000000000003506980000000000335753016790000004029082400005000000084610732
001000050000000000000003506680000000000335753016790000001464353600005000000030751426
001000050000000000000003507080000000000335753016790000004403604690005000000092475699
001000050000000000000003507180000000000335753016790000005050762440005000000106066012
001000050000000000000003507280000000000335753016790000005251905790005000000110290022
001000050000000000000003506780000000000335753016790000004034972020005000000084734413
001000050000000000000003506580000000000335753016790000004537587770005000000095289342
001000050000000000000003506880000000000335753016790000005094079070005000000106975661
001000050000000000000003508080000000000335753016790000006358259600005000000133523452
001000050000000000000003507380000000000335753016790000004461858360005000000093699025
003000050000000000000002190780000000000335753016790000005251905790005000000110290022
003000050000000000000002190880000000000335753016790000004461858360005000000093699026
003000050000000000000002190680000000000335753016790000005050762440005000000106066011
003000050000000000000002190980000000000335753016790000006358259600005000000133523452
003000050000000000000002190580000000000335753016790000004403604690005000000092475698
003000050000000000000002190380000000000335753016790000005094079070005000000106975660
003000050000000000000002190480000000000335753016790000004029082400005000000084610730
003000050000000000000002190080000000000335753016790000004537587770005000000095289343
003000050000000000000002190280000000000335753016790000004034972020005000000084734412
003000050000000000000002190180000000000335753016790000001464353600005000000030751426
001003270000000000000224369280000000000305799390080000000030041450005000000000630870
001000050000000000000000552680000000000202618783490000000045041330005000000000945868
001000050000000000000000104580000000000202400566160000000843842400005000000017720690
001000050000000000000000105480000000000202400566160000000801650280005000000016834656
001000050000000000000000108480000000000202400566160000000141467690005000000002970822
003000050000000000000000012980000000000202400566160000000843842400005000000017720690
081000010000000000000001702480000000000307166943010000000126723140005000000002661186
081000010000000000000001702180000000000307166943010000000095439660005000000002004233
081000010000000000000001702280000000000307166943010000000174189250005000000003657974
112000010000000000000000025880000000000307166943010000000174189250005000000003657974
039060260000000000000044120180000000000305000031930000008566952050004000000089952997
039040400000000000000085380280000000000305000100840000001496656720004000000015714896
039027510000000000000008932380000000000305000109120000002615193030004000000027459527
039028100000000000000015340280000000000305000109120000007617784270004000000079986735
039028820000000000000080920180000000000305000109120000003763287670004000000039514521
039018960000000000000090570680000000000305000109120000002023894600004000000021250893
039018940000000000000090250680000000000305000109120000001939315680004000000020362815
039025570000000000000085030380000000000305000109120000002479731840004000000026037184
039060260000000000000025250280000000000305000031930000004500976230004000000047260250
039017900000000000000007150680000000000305714213520000000614472100004000000006451957
039040410000000000000022040180000000000305000100840000000840209250004000000008822197
039030800000000000000078560180000000000305000017350000005075305040004000000053290703
039000170000000000000526078880000000000305000031930000008560650570004000000089886831
039000170000000000000526078880000000000305000031930000000096300000005000000002022300
039000440000000000000526619880000000000305000110720000000029150000005000000000612150
039000110000000000000526976180000000000305000109120000004357661230004000000045755443
039000110000000000000526976180000000000305000109120000000080222000005000000001684662
039000110000000000000526545080000000000305000109120000000283251800004000000002974144
039000110000000000000526545080000000000305000109120000007061912000005000000148300152
039000070000000000000526440680000000000305000017350000025898427430004000000271933488
039000070000000000000526440680000000000305000017350000001228161570005000000025791393
039002850000000000000526903180000000000305000100840000003197880660004000000033577747
039002850000000000000526903180000000000305000100840000000064560470005000000001355770
039001910000000000000526085080000000000305714213520000008043163830004000000084453220
039001910000000000000526085080000000000305714213520000000059000000005000000001239000
039000440000000000000004782880000000000305000110720000000030831760005000000000647467
039000110000000000000076934680000000000305000109120000002903184520005000000060966875
