00100002000000000000000000400000005925608000005000000124437768
00100005000000000000000315150000000027499490005000000000577489
00100005000000000000000315160000000015951120005000000000334974
00100005000000000000000315170000000114575400005000000002406083
00100005000000000000000315180000000068242410005000000001433091
00100005000000000000000315190000000302305890005000000006348424
00100005000000000000000315200000000124151730005000000002607186
00100005000000000000000315210000000049801960005000000001045841
00100005000000000000000315220000000410120170005000000008612524
00100005000000000000000315230000001198235680005000000025162949
00100005000000000000000315240000000113616820005000000002385953
00100005000000000000000315250000000131757230005000000002766902
00100005000000000000000315260000000455316420005000000009561645
00100005000000000000000315270000000029583530005000000000621254
00100005000000000000000315280000000127929060005000000002686510
00100005000000000000000315290000000120324560005000000002526816
00100005000000000000000315300000000112080510005000000002353691
00100005000000000000000315310000000068328030005000000001434889
00100005000000000000000315320000000277702240005000000005831747
00100005000000000000000315330000000953513760005000000020023789
00100005000000000000000315340000000055500140005000000001165503
00100005000000000000000315350000000058897520005000000001236848
00100005000000000000000315360000000457562750005000000009608818
00100005000000000000000315370000000413206610005000000008677339
00100005000000000000000315380000000248506180005000000005218630
00100005000000000000000315390000000633700020005000000013307700
00100005000000000000000315400000000007013890005000000000147292
00100005000000000000000315410000000007931030005000000000166552
00100005000000000000000315420000000039146690005000000000822080
00100005000000000000000315430000000081155580005000000001704267
00100005000000000000000315440000000328164200005000000006891448
00100005000000000000000315450000000246039670005000000005166833
00100005000000000000000315460000000188016390005000000003948344
00100005000000000000000315470000000079071420005000000001660500
00100005000000000000000315480000000339876120005000000007137398
00100005000000000000000315490000000116195800005000000002440112
00100005000000000000000315500000000192562540005000000004043813
00100005000000000000000315510000000001942850005000000000040800
00100005000000000000000315520000000594072000005000000012475512
00100005000000000000000315530000000270407950005000000005678567
00100005000000000000000315540000000646430310005000000013575036
00100005000000000000000315550000000019610100005000000000411812
00100005000000000000000315560000002053185240005000000043116890
00100005000000000000000315570000000552455990005000000011601576
00100005000000000000000315580000000039283000005000000000824943
00100005000000000000000315590000000108474000005000000002277954
00100005000000000000000315600000000015919370005000000000334307
00100005000000000000000315610000001861466880005000000039090804
00100005000000000000000315620000000700000000005000000014700000
00100005000000000000000315630000000263727130005000000005538270
00100005000000000000000315640000000106102480005000000002228152
00100005000000000000000315650000000052263280005000000001097529
00100005000000000000000315660000000606579010005000000012738159
00100005000000000000000315670000000228359220005000000004795544
00100005000000000000000315680000000055042140005000000001155885
00100005000000000000000315690000000092579460005000000001944169
00100005000000000000000315700000000004303350005000000000090370
00100005000000000000000315710000000041958920005000000000881137
00100005000000000000000315720000000011847020005000000000248788
00100005000000000000000315730000000008813130005000000000185076
00100005000000000000000315740000000305638350005000000006418405
00100005000000000000000315750000000396720750005000000008331136
00100005000000000000000315760000000033234380005000000000697922
00100005000000000000000315770000000073033090005000000001533695
00100005000000000000000315780000000012088800005000000000253865
00100005000000000000000315790000000103702090005000000002177744
00100005000000000000000315800000000010821430005000000000227250
00100005000000000000000315810000000124984260005000000002624669
00100005000000000000000315820000000095523120005000000002005985
00100005000000000000000315830000000118646990005000000002491587
00100005000000000000000315840000000205373440005000000004312842
00100005000000000000000315850000000142169040005000000002985550
00100005000000000000000315860000000403341450005000000008470170
00100005000000000000000315870000001726900970005000000036264920
00100005000000000000000315880000000313596450005000000006585525
00100005000000000000000315890000000233355180005000000004900459
00100005000000000000000315900000000218944260005000000004597829
00100005000000000000000315910000002620238590005000000055025010
00100005000000000000000315920000000069328060005000000001455889
00100005000000000000000315930000000017171750005000000000360607
00100005000000000000000315940000000297859860005000000006255057
00100005000000000000000315950000000030331870005000000000636969
00100005000000000000000315960000000216299080005000000004542281
00100005000000000000000315970000000247160800005000000005190377
00100005000000000000000315980000000763872000005000000016041312
00100005000000000000000315990000000225972270005000000004745418
00100005000000000000000316000000000631784390005000000013267472
00100005000000000000000316010000000056122360005000000001178570
00100005000000000000000316020000000018341760005000000000385177
00100005000000000000000316030000000039226250005000000000823751
00100005000000000000000316040000000118055100005000000002479157
00100005000000000000000316050000000256054960005000000005377154
00100005000000000000000316060000001823165850005000000038286483
00100005000000000000000316070000000284177410005000000005967726
00100005000000000000000316080000001119991520005000000023519822
00100005000000000000000316090000000031353670005000000000658427
00100005000000000000000316100000000230808170005000000004846972
00100005000000000000000316110000000145041870005000000003045879
00100005000000000000000316120000000304515950005000000006394835
00100005000000000000000316130000000128254000005000000002693334
00100005000000000000000316140000000094852610005000000001991905
00100005000000000000000316150000000261909280005000000005500095
00100005000000000000000316160000000571027900005000000011991586
00100005000000000000000316170000000215760000005000000004530960
00100005000000000000000316180000000163608350005000000003435775
00100005000000000000000316190000005113109550005000000107375301
00100005000000000000000316200000000047583240005000000000999248
00100005000000000000000316210000000060060000005000000001261260
00100005000000000000000316220000000312852710005000000006569907
00100005000000000000000316230000000029537330005000000000620284
00100005000000000000000316240000000008589460005000000000180379
00100005000000000000000316250000000053577040005000000001125118
00100005000000000000000316260000000251206610005000000005275339
00100005000000000000000316270000000344973750005000000007244449
00100005000000000000000316280000002080841120005000000043697664
00100005000000000000000316290000000057169950005000000001200569
00100005000000000000000316300000009965992790005000000209285849
00100005000000000000000316310000002313494190005000000048583378
00100005000000000000000316320000000036974770005000000000776470
00100005000000000000000316330000000090679100005000000001904261
00100005000000000000000316340000002021244890005000000042446143
00100005000000000000000316350000000118144260005000000002481029
00100005000000000000000316360000000121244890005000000002546143
00100005000000000000000316370000000586011920005000000012306250
00100005000000000000000316380000000060060000005000000001261260
00100005000000000000000316390000000005874890005000000000123373
00100005000000000000000316400000000107580000005000000002259180
00100005000000000000000316410000000015593200004000000000163729
00100005000000000000000316410000001303826270005000000027380352
00100005000000000000000316420000000261280580005000000005486892
00100005000000000000000316430000000209024460005000000004389514
00100005000000000000000316440000002400000000005000000050400000
00100005000000000000000316450000000071326100005000000001497848
00100005000000000000000316460000000409004400005000000008589092
00100005000000000000000316470000000332654400005000000006985742
00100005000000000000000316480000000085209250005000000001789394
00100005000000000000000316490000000003518140005000000000073881
00100005000000000000000316500000000028822490005000000000605272
00100005000000000000000316510000000932192170005000000019576036
00100005000000000000000316520000000011847020005000000000248788
00100005000000000000000316530000000291702600005000000006125755
00100005000000000000000316540000000049146170005000000001032070
00100005000000000000000316550000000018220800005000000000382637
00100005000000000000000316560000000158518410005000000003328887
00100005000000000000000316570000002149200650005000000045133214
00100005000000000000000316580000000153647370005000000003226595
00100005000000000000000316590000000554354510005000000011641445
00100005000000000000000316600000000288944260005000000006067829
00100005000000000000000316610000000100588080005000000002112350
00100005000000000000000316620000000006840000005000000000143640
00100005000000000000000316630000000130609110005000000002742791
00100005000000000000000316640000000647181060005000000013590802
00100005000000000000000316650000000092925000004000000000975713
00100005000000000000000316650000004269092640005000000089650946
00100005000000000000000316660000000776110390005000000016298318
00100005000000000000000316670000014428680600005000000303002292
00100005000000000000000316680000008664147980005000000181947108
00100005000000000000000316690000000297575850005000000006249093
00100005000000000000000316700000000141569760005000000002972965
00100005000000000000000316710000000417960410005000000008777169
00100005000000000000000316720000000788243400005000000016553111
00100005000000000000000316730000000210471410005000000004419900
00100005000000000000000316740000000009366680005000000000196700
00100005000000000000000316750000001620537910005000000034031296
00100005000000000000000316760000000060108200005000000001262272
00100005000000000000000316770000000654592600005000000013746445
00100005000000000000000316780000000311550790005000000006542567
00100005000000000000000316790000000016459200005000000000345643
00100005000000000000000316800000000269518200005000000005659882
00100005000000000000000316810000000012415390005000000000260723
00100005000000000000000316820000000003238780005000000000068014
00100005000000000000000316830000000347892830005000000007305749
00100005000000000000000316840000001169080770005000000024550696
00100005000000000000000316850000000008362800005000000000175619
00100005000000000000000316860000000542073300005000000011383539
00100005000000000000000316870000000102081300005000000002143707
00100005000000000000000316880000000097534960005000000002048234
00100005000000000000000316890000000018149100005000000000381131
00100005000000000000000316900000000003015570005000000000063327
00100005000000000000000316910000000021999590005000000000461991
00100005000000000000000316920000000477683250005000000010031348
00100005000000000000000316930000011805565900005000000247916884
00100005000000000000000316940000000249718110005000000005244080
00100005000000000000000316950000000023029760005000000000483625
00100005000000000000000316960000000632494090005000000013282376
00100005000000000000000316970000000213615110005000000004485917
00100005000000000000000316980000009305266490005000000195410596
00100005000000000000000316990000008257125370005000000173399633
00100005000000000000000317000000008452769850005000000177508167
00100005000000000000000317010000001754945440005000000036853854
00100005000000000000000317020000000262257000005000000005507397
00100005000000000000000317030000000525456420005000000011034585
00100005000000000000000317040000000202694380005000000004256582
00100005000000000000000317050000000858277270005000000018023823
00100005000000000000000317060000000344183580005000000007227855
00100005000000000000000317070000000198573240005000000004170038
00100005000000000000000317080000000015962940005000000000335222
00100005000000000000000317090000000036177700005000000000759732
00100005000000000000000317100000000056926790005000000001195463
00100005000000000000000317110000000176464240005000000003705749
00100005000000000000000317120000000985509010005000000020695689
00100005000000000000000317130000002382878840005000000050040456
00100005000000000000000317140000000069279290005000000001454865
00100005000000000000000317150000000110425410005000000002318934
00100005000000000000000317160000000191794080005000000004027676
00100005000000000000000317170000001310373170005000000027517836
00100005000000000000000317180000000246950090005000000005185952
00100005000000000000000317190000000104597830005000000002196554
00100005000000000000000317200000000091669780005000000001925065
00100005000000000000000317210000000027316650005000000000573650
00100005000000000000000317220000000426413340005000000008954680
00100005000000000000000317230000000003703080005000000000077765
00100005000000000000000317240000001193443400005000000025062311
00100005000000000000000317250000000008003420005000000000168072
00100005000000000000000317260000000088184200005000000001851868
00100005000000000000000317270000000003155220005000000000066260
00100005000000000000000317280000000187010700005000000003927225
00100005000000000000000317290000000398010600005000000008358223
00100005000000000000000317300000000864498200005000000018154462
00100005000000000000000317310000000007840000005000000000164640
00100005000000000000000317320000000026209850005000000000550407
00100005000000000000000317330000000051210990005000000001075431
00100005000000000000000317340000000020439000005000000000429219
00100005000000000000000317350000000294107070005000000006176249
00100005000000000000000317360000001687771770005000000035443207
00100005000000000000000317370000001458494560005000000030628386
00100005000000000000000317380000000211680000005000000004445280
00100005000000000000000317390000000085224170005000000001789708
00100005000000000000000317400000000036990620005000000000776803
00100005000000000000000317410000000483045040005000000010143946
00100005000000000000000317420000000293005960005000000006153125
00100005000000000000000317430000000163851840005000000003440889
00100005000000000000000317440000000002202000005000000000046242
00100005000000000000000317450000001840336990005000000038647077
00100005000000000000000317460000000116783490005000000002452453
00100005000000000000000317470000000275124350005000000005777611
00100005000000000000000317480000000033291450005000000000699121
00100005000000000000000317490000000077726560005000000001632258
00100005000000000000000317500000000226857720005000000004764012
00100005000000000000000317510000000054996760005000000001154932
00100005000000000000000317520000001351144850005000000028374042
00100005000000000000000317530000000988350680005000000020755364
00100005000000000000000317540000003298333710005000000069265008
00100005000000000000000317550000000011097950005000000000233057
00100005000000000000000317560000006508892330005000000136686739
00100005000000000000000317570000001226276750005000000025751812
00100005000000000000000317580000002212597930005000000046464557
00100005000000000000000317590000000248216550005000000005212547
00100005000000000000000317600000000180031220005000000003780656
00100005000000000000000317610000000116012180005000000002436256
00100005000000000000000317620000000633755340005000000013308862
00100005000000000000000317630000001522845500005000000031979755
00100005000000000000000317640000000164996940005000000003464936
00100005000000000000000317650000000168164470005000000003531454
00100005000000000000000317660000000205381530005000000004313012
00100005000000000000000317670000000004785970005000000000100505
00100005000000000000000317680000000046414070005000000000974696
00100005000000000000000317690000001845297540005000000038751248
00100005000000000000000317700000004005900040005000000084123901
00100005000000000000000317710000000163986000004000000001721853
00100005000000000000000317710000000513675380005000000010787183
00100005000000000000000317720000000027494430005000000000577383
00100005000000000000000317730000000026738860005000000000561516
00100005000000000000000317740000000026738860005000000000561516
00100005000000000000000317750000000057761550005000000001212993
00100005000000000000000317760000000015644100005000000000328526
00100005000000000000000317770000000011475660005000000000240989
00100005000000000000000317780000001420635940005000000029833355
00100005000000000000000317790000001045122300005000000021947568
00100005000000000000000317800000000013935340005000000000292642
00100005000000000000000317810000000027294570005000000000573186
00100005000000000000000317820000000027728260005000000000582294
00100005000000000000000317830000000146502980005000000003076563
00100005000000000000000317840000003405365310005000000071512671
00100005000000000000000317850000000047516520005000000000997847
00100005000000000000000317860000000232312910005000000004878571
00100005000000000000000317870000002137213940005000000044881493
00100005000000000000000317880000000125208270005000000002629374
00100005000000000000000317890000000210681530005000000004424312
00100005000000000000000317900000006331026550005000000132951558
00100005000000000000000317910000000080166310005000000001683492
00100005000000000000000317920000000085773210005000000001801237
00100005000000000000000317930000000965403560005000000020273475
00100005000000000000000317940000000456567600005000000009587920
00100005000000000000000317950000000095448200005000000002004412
00100005000000000000000317960000000085393480005000000001793263
00100005000000000000000317970000000261355620005000000005488468
00100005000000000000000317980000000039251220005000000000824276
00100005000000000000000317990000000270538800005000000005681315
00100005000000000000000318000000000020747560005000000000435699
00100005000000000000000318010000000905438760005000000019014214
00100005000000000000000318020000000059918400005000000001258286
00100005000000000000000318030000000001351410005000000000028380
00100005000000000000000318040000000489997420005000000010289946
00100005000000000000000318050000000042678590005000000000896250
00100005000000000000000318060000000213592450005000000004485442
00100005000000000000000318070000000154520330005000000003244927
00100005000000000000000318080000000123900360005000000002601908
00100005000000000000000318090000000039148380005000000000822116
00100005000000000000000318100000000352476120005000000007401999
00100005000000000000000318110000000558649000005000000011731629
00100005000000000000000318120000001336484000005000000028066164
00100005000000000000000318130000000284983160005000000005984646
00100005000000000000000318140000000313536690005000000006584270
00100005000000000000000318150000000112653660005000000002365727
00100005000000000000000318160000000051288120005000000001077051
00100005000000000000000318170000000001476270005000000000031002
00100005000000000000000318180000000065724760005000000001380220
00100005000000000000000318190000000305799240005000000006421784
00100005000000000000000318200000000835086190005000000017536810
00100005000000000000000318210000000161951030005000000003400972
00100005000000000000000318220000000128015940005000000002688335
00100005000000000000000318230000000503129370005000000010565717
00100005000000000000000318240000000913141840005000000019175979
00100005000000000000000318250000000125363000005000000002632623
00100005000000000000000318260000000125857160005000000002643000
00100005000000000000000318270000000218940040005000000004597741
00100005000000000000000318280000000634688310005000000013328455
00100005000000000000000318290000000351159530005000000007374350
00100005000000000000000318300000000296889240005000000006234674
00100005000000000000000318310000000431673350005000000009065140
00100005000000000000000318320000000405377000005000000008512917
00100005000000000000000318330000000303850460005000000006380860
00100005000000000000000318340000000116734180005000000002451418
00100005000000000000000318350000002110638420005000000044323407
00100005000000000000000318360000001245705750005000000026159821
00100005000000000000000318370000006741679150005000000141575262
00100005000000000000000318380000000069694710005000000001463589
00100005000000000000000318390000000006426840005000000000134964
00100005000000000000000318400000000045528100005000000000956090
00100005000000000000000318410000000177216390005000000003721544
00100005000000000000000318420000000233753070005000000004908815
00100005000000000000000318430000000007935360005000000000166643
00100005000000000000000318440000000184529750005000000003875125
00100005000000000000000318450000000016991810005000000000356828
00100005000000000000000318460000000153632980005000000003226293
00100005000000000000000318470000000228606340005000000004800733
00100005000000000000000318480000000038936960005000000000817676
00100005000000000000000318490000000120120000005000000002522520
00100005000000000000000318500000000927852210005000000019484896
00100005000000000000000318510000000344919360005000000007243307
00100005000000000000000318520000000052670320005000000001106077
00100005000000000000000318530000001477062480005000000031018312
00100005000000000000000318540000000527183400005000000011070851
00100005000000000000000318550000000118995240005000000002498900
00100005000000000000000318560000000015676830005000000000329214
00100005000000000000000318570000000243622900005000000005116081
00100005000000000000000318580000000100771610005000000002116204
00100005000000000000000318590000000132210130005000000002776413
00100005000000000000000318600000004143917480005000000087022267
00100005000000000000000318610000002128066070005000000044689388
00100005000000000000000318620000000294560300005000000006185766
00100005000000000000000318630000000010800000005000000000226800
00100005000000000000000318640000000209024460005000000004389514
00100005000000000000000318650000000066896400005000000001404824
00100005000000000000000318660000000372262620005000000007817515
00100005000000000000000318670000000835216370005000000017539544
00100005000000000000000318680000000149796000005000000003145716
00100005000000000000000318690000000168210340005000000003532417
00100005000000000000000318700000000006370000005000000000133770
00100005000000000000000318710000000165190770005000000003469006
00100005000000000000000318720000000280549860005000000005891547
00100005000000000000000318730000001054223080005000000022138685
00100005000000000000000318740000000226866480005000000004764196
00100005000000000000000318750000000019730200005000000000414334
00100005000000000000000318760000000148929930005000000003127528
00100005000000000000000318770000000128556190005000000002699680
00100005000000000000000318780000005060128660005000000106262702
00100005000000000000000318790000000992574870005000000020844072
00100005000000000000000318800000000371406000004000000003899763
00100005000000000000000318800000002123190390005000000044586998
00100005000000000000000318810000000051142580005000000001073994
00100005000000000000000318820000000698359160005000000014665542
00100005000000000000000318830000000012575640005000000000264088
00100005000000000000000318840000000021195830005000000000445112
00100005000000000000000318850000001819946680005000000038218880
00100005000000000000000318860000000017496000005000000000367416
00100005000000000000000318870000000040078570005000000000841650
00100005000000000000000318880000000016300550005000000000342312
00100005000000000000000318890000000084354130005000000001771437
00100005000000000000000318900000000003912540005000000000082163
00100005000000000000000318910000000094169880005000000001977567
00100005000000000000000318920000000825623670005000000017338097
00100005000000000000000318930000000147784020005000000003103464
00100005000000000000000318940000000691308370005000000014517476
00100005000000000000000318950000000257189570005000000005400981
00100005000000000000000318960000000212029010005000000004452609
00100005000000000000000318970000000135213050005000000002839474
00100005000000000000000318980000000174558790005000000003665735
00100005000000000000000318990000000234000000005000000004914000
00100005000000000000000319000000000012299010005000000000258279
00100005000000000000000319010000001198944060005000000025177825
00100005000000000000000319020000000085224170005000000001789708
00100005000000000000000319030000000054702350005000000001148749
00100005000000000000000319040000000146399420005000000003074388
00100005000000000000000319050000000082600000005000000001734600
00100005000000000000000319060000003108707820005000000065282864
00100005000000000000000319070000000033606180005000000000705730
00100005000000000000000319080000000420477680005000000008830031
00100005000000000000000319090000001586558350005000000033317725
00100005000000000000000319100000000005857700005000000000123012
00100005000000000000000319110000000005331510005000000000111962
00100005000000000000000319120000000017323400005000000000363791
00100005000000000000000319130000000221105200005000000004643209
00100005000000000000000319140000001224065730005000000025705380
00100005000000000000000319150000000097127190005000000002039671
00100005000000000000000319160000000014595270005000000000306501
00100005000000000000000319170000000192970480005000000004052380
00100005000000000000000319180000000173751580005000000003648783
00100005000000000000000319190000000857501390005000000018007529
00100005000000000000000319200000000043490930005000000000913309
00100005000000000000000319210000000088136110005000000001850858
00100005000000000000000319220000000948892670005000000019926746
00100005000000000000000319230000000108514390005000000002278802
00100005000000000000000319240000001326955140005000000027866058
00100005000000000000000319250000000029176320005000000000612703
00100005000000000000000319260000000523475610005000000010992988
00100005000000000000000319270000000851125800005000000017873642
00100005000000000000000319280000000751081600005000000015772714
00100005000000000000000319290000000424888920005000000008922667
00100005000000000000000319300000000576266040005000000012101587
00100005000000000000000319310000000086445870005000000001815363
00100005000000000000000319320000000059335860005000000001246053
00100005000000000000000319330000000164905610005000000003463018
00100005000000000000000319340000000124984260005000000002624669
00100005000000000000000319350000000135936720005000000002854671
00100005000000000000000319360000000001208710005000000000025383
00100005000000000000000319370000000161897580005000000003399849
00100005000000000000000319380000000154278510005000000003239849
00100005000000000000000319390000000321026790005000000006741563
00100005000000000000000319400000000187211130005000000003931434
00100005000000000000000319410000000294049660005000000006175043
00100005000000000000000319420000001399584850005000000029391282
00100005000000000000000319430000000263116750005000000005525452
00100005000000000000000319440000000028647390005000000000601595
00100005000000000000000319450000000206992230005000000004346837
00100005000000000000000319460000003016399900005000000063344398
00100005000000000000000319470000000101717230005000000002136062
00100005000000000000000319480000000103140590005000000002165952
00100005000000000000000319490000000196242670005000000004121096
00100005000000000000000319500000000060811720005000000001277046
00100005000000000000000319510000000106624790005000000002239121
00100005000000000000000319520000000803615320005000000016875922
00100005000000000000000319530000000018502890005000000000388561
00100005000000000000000319540000000061360120005000000001288563
00100005000000000000000319550000000159705620005000000003353818
00100005000000000000000319560000011293069100005000000237154451
00100005000000000000000319570000000367067170005000000007708411
00100005000000000000000319580000001552345200005000000032599249
00100005000000000000000319590000000010743800005000000000225620
00100005000000000000000319600000000272297430005000000005718246
00100005000000000000000319610000001307419160005000000027455802
00100005000000000000000319620000000372338580005000000007819110
00100005000000000000000319630000001498647770005000000031471603
00100005000000000000000319640000003125925970005000000065644445
00100005000000000000000319650000000018554440005000000000389643
00100005000000000000000319660000000241782850005000000005077440
00100005000000000000000319670000000407580350005000000008559187
00100005000000000000000319680000000727099440005000000015269088
00100005000000000000000319690000000027360000005000000000574560
00100005000000000000000319700000000115348880005000000002422327
00100005000000000000000319710000000004991340005000000000104818
00100005000000000000000319720000000070072890005000000001471531
00100005000000000000000319730000000144000000005000000003024000
00100005000000000000000319740000000144000000005000000003024000
00100005000000000000000319750000000380615500005000000007992926
00100005000000000000000319760000000171937110005000000003610679
00100005000000000000000319770000000063159600005000000001326352
00100005000000000000000319780000000010800000005000000000226800
00100005000000000000000319790000002572183780005000000054015859
00100005000000000000000319800000000945289590005000000019851081
00100005000000000000000319810000000116034390005000000002436722
00100005000000000000000319820000000028274390005000000000593762
00100005000000000000000319830000000148929930005000000003127528
00100005000000000000000319840000000073664200005000000001546948
00100005000000000000000319850000000018130000005000000000380730
00100005000000000000000319860000000566894750005000000011904790
00100005000000000000000319870000000102421990005000000002150862
00100005000000000000000319880000000038226060005000000000802747
00100005000000000000000319890000000031299100005000000000657281
00100005000000000000000319900000000017828180005000000000374392
00100005000000000000000319910000137667627000005000002891020170
00100005000000000000000319920000000975831450005000000020492460
00100005000000000000000319930000000551671190005000000011585095
00100005000000000000000319940000003049860430005000000064047069
00100005000000000000000319950000004792120360005000000100634528
00100005000000000000000319960000000039220210005000000000823624
00100005000000000000000319970000000024454630005000000000513547
00100005000000000000000319980000000023259890005000000000488458
00100005000000000000000319990000006215886710005000000130533621
00100005000000000000000320000000000112140230005000000002354945
00100005000000000000000320010000000040437270005000000000849183
00100005000000000000000320020000000822343750005000000017269219
00100005000000000000000320030000000081441720005000000001710276
00100005000000000000000320040000000011626720005000000000244161
00100005000000000000000320050000000648000000005000000013608000
00100005000000000000000320060000000304000000005000000006384000
00100005000000000000000320070000000096522990005000000002026983
00100005000000000000000320080000003248895120005000000068226797
00100005000000000000000320090000000172418400005000000003620786
00100005000000000000000320100000000348955900005000000007328074
00100005000000000000000320110000000397856320005000000008354983
00100005000000000000000320120000000372703850005000000007826781
00100005000000000000000320130000000041621980005000000000874062
00100005000000000000000320140000001722277710005000000036167832
00100005000000000000000320150000000355016520005000000007455347
00100005000000000000000320160000005849674750005000000122843170
00100005000000000000000320170000000615568300005000000012926934
00100005000000000000000320180000001311681060005000000027545302
00100005000000000000000320190000000012079270005000000000253665
00100005000000000000000320200000000193480400005000000004063088
00100005000000000000000320210000002424570390005000000050915978
00100005000000000000000320220000000086762490005000000001822012
00100005000000000000000320230000015751543200005000000330782406
00100005000000000000000320240000000088869470005000000001866259
00100005000000000000000320250000000128082290005000000002689728
00100005000000000000000320260000000056990400005000000001196798
00100005000000000000000320270000000058858800005000000001236035
00100005000000000000000320280000000078968190005000000001658332
00100005000000000000000320290000000380866370005000000007998194
00100005000000000000000320300000000013208780005000000000277384
00100005000000000000000320310000000346100850005000000007268118
00100005000000000000000320320000000011867310005000000000249214
00100005000000000000000320330000000062950140005000000001321953
00100005000000000000000320340000000464652650005000000009757706
00100005000000000000000320350000000637942340005000000013396789
00100005000000000000000320360000000064117990005000000001346478
00100005000000000000000320370000000095719790005000000002010116
00100005000000000000000320380000000020743900004000000000217811
00100005000000000000000320380000000125457640005000000002634610
00100005000000000000000320390000002173854200005000000045650938
00100005000000000000000320400000000768398760005000000016136374
00100005000000000000000320410000001419594500005000000029811484
00100005000000000000000320420000000139840000005000000002936640
00100005000000000000000320430000000230697770005000000004844653
00100005000000000000000320440000000547707710005000000011501862
00100005000000000000000320450000000077679430005000000001631268
00100005000000000000000320460000000045995750005000000000965911
00100005000000000000000320470000000052038000005000000001092798
00100005000000000000000320480000002378886860005000000049956624
00100005000000000000000320490000000350968640005000000007370341
00100005000000000000000320500000000156695100005000000003290597
00100005000000000000000320510000000199963130005000000004199226
00100005000000000000000320520000000543463550005000000011412735
00100005000000000000000320530000000027055690005000000000568169
00100005000000000000000320540000000079041890005000000001659880
00100005000000000000000320550000000367193530005000000007711064
00100005000000000000000320560000000038683500005000000000812353
00100005000000000000000320570000000061239050005000000001286020
00100005000000000000000320580000000433307000004000000004549724
00100005000000000000000320580000000046383920005000000000974062
00100005000000000000000320590000000147334980005000000003094035
00100005000000000000000320600000000056941770005000000001195777
00100005000000000000000320610000000092119450005000000001934508
00100005000000000000000320620000000013507360005000000000283655
00100005000000000000000320630000000094585870005000000001986303
00100005000000000000000320640000000049816620005000000001046149
00100005000000000000000320650000000009644520005000000000202535
00100005000000000000000320660000000008872820005000000000186329
00100005000000000000000320670000000461453110005000000009690515
00100005000000000000000320680000001063052860005000000022324110
00100005000000000000000320690000000347566510005000000007298897
00100005000000000000000320700000000115248580005000000002420220
00100005000000000000000320710000000000537800005000000000011294
00100005000000000000000320720000000113668880005000000002387047
00100005000000000000000320730000000070330000005000000001476930
00100005000000000000000320740000000019610100005000000000411812
00100005000000000000000320750000000152416740005000000003200752
00100005000000000000000320760000000894787540005000000018790538
00100005000000000000000320770000000067244700005000000001412139
00100005000000000000000320780000000001120000005000000000023520
00100005000000000000000320790000000013712370005000000000287960
00100005000000000000000320800000000008291160005000000000174114
00100005000000000000000320810000000150967950005000000003170327
00100005000000000000000320820000000016068810005000000000337445
00100005000000000000000320830000000869970450005000000018269379
00100005000000000000000320840000000313432680005000000006582086
00100005000000000000000320850000000178655220005000000003751760
00100005000000000000000320860000000775564400005000000016286852
00100005000000000000000320870000000169879070005000000003567460
00100005000000000000000320880000008278065700005000000173839380
00100005000000000000000320890000000024544800005000000000515441
00100005000000000000000320900000000002217190005000000000046561
00100005000000000000000320910000000018640570005000000000391452
00100005000000000000000320920000000086948640005000000001825921
00100005000000000000000320930000000500499680005000000010510493
00100005000000000000000320940000001537124500005000000032279615
00100005000000000000000320950000000183085380005000000003844793
00100005000000000000000320960000000084250540005000000001769261
00100005000000000000000320970000000231427750005000000004859983
00100005000000000000000320980000000003882400005000000000081530
00100005000000000000000320990000000041409710005000000000869604
00100005000000000000000321000000000342548400005000000007193516
00100005000000000000000321010000000326078130005000000006847641
00100005000000000000000321020000000037925630005000000000796438
00100005000000000000000321030000000449731680005000000009444365
00100005000000000000000321040000000038012280005000000000798258
00100005000000000000000321050000068094313400005000001429980580
00100005000000000000000321060000000490732250005000000010305377
00100005000000000000000321070000000083775840005000000001759293
00100005000000000000000321080000000019922430005000000000418371
00100005000000000000000321090000000106518860005000000002236896
00100005000000000000000321100000000008291160005000000000174114
00100005000000000000000321110000000098894110005000000002076776
00100005000000000000000321120000000019906860005000000000418044
00100005000000000000000321130000001884750860005000000039579768
00100005000000000000000321140000001891094610005000000039712987
00100005000000000000000321150000001991985260005000000041831690
00100005000000000000000321160000000413032300005000000008673678
00100005000000000000000321170000000114114000005000000002396394
00100005000000000000000321180000002559328210005000000053745892
00100005000000000000000321190000000535258930005000000011240438
00100005000000000000000321200000003101579570005000000065133171
00100005000000000000000321210000000098752540005000000002073803
00100005000000000000000321220000000050824000005000000001067304
00100005000000000000000321230000000086381950005000000001814021
00100005000000000000000321240000000091592230005000000001923437
00100005000000000000000321250000000233863740005000000004911139
00100005000000000000000321260000001187523450005000000024937993
00100005000000000000000321270000000174451240005000000003663476
00100005000000000000000321280000000061186360005000000001284913
00100005000000000000000321290000002635873220005000000055353338
00100005000000000000000321300000002400000000005000000050400000
00100005000000000000000321310000000224707730005000000004718862
00100005000000000000000321320000000005434640005000000000114127
00100005000000000000000321330000000198997080005000000004178939
00100005000000000000000321340000002044307270005000000042930453
00100005000000000000000321350000000475728010005000000009990288
00100005000000000000000321360000005591776110005000000117427298
00100005000000000000000321370000000303169160005000000006366552
00100005000000000000000321380000001585996950005000000033305936
00100005000000000000000321390000000405902120005000000008523945
00100005000000000000000321400000000296355610005000000006223468
00100005000000000000000321410000000082348420005000000001729317
00100005000000000000000321420000000191470240005000000004020875
00100005000000000000000321430000000272087280005000000005713833
00100005000000000000000321440000000117717600005000000002472070
00100005000000000000000321450000000498930320005000000010477537
00100005000000000000000321460000000126902300005000000002664948
00100005000000000000000321470000000176633600005000000003709306
00100005000000000000000321480000000027263850005000000000572541
00100005000000000000000321490000000193142740005000000004055997
00100005000000000000000321500000000016514110005000000000346796
00100005000000000000000321510000000054128040005000000001136689
00100005000000000000000321520000000189508980005000000003979689
00100005000000000000000321530000000019397900005000000000407356
00100005000000000000000321540000000005434640005000000000114127
00100005000000000000000321550000000855043200005000000017955907
00100005000000000000000321560000000511584000005000000010743264
00100005000000000000000321570000000118602620005000000002490655
00100005000000000000000321580000000109430010005000000002298030
00100005000000000000000321590000000231301880005000000004857339
00100005000000000000000321600000000023769790005000000000499166
00100005000000000000000321610000000076453930005000000001605532
00100005000000000000000321620000001597580750005000000033549196
00100005000000000000000321630000000483268430005000000010148637
00100005000000000000000321640000000727333330005000000015274000
00100005000000000000000321650000000765700610005000000016079713
00100005000000000000000321660000002563563560005000000053834835
00100005000000000000000321670000011488920400005000000241267329
00100005000000000000000321680000000056440220005000000001185245
00100005000000000000000321690000000792206540005000000016636337
00100005000000000000000321700000000126040810005000000002646857
00100005000000000000000321710000000052221030005000000001096642
00100005000000000000000321720000000096080600005000000002017693
00100005000000000000000321730000000220821450005000000004637250
00100005000000000000000321740000000122870020005000000002580270
00100005000000000000000321750000000250381700005000000005258016
00100005000000000000000321760000000037291100005000000000783113
00100005000000000000000321770000000525000000005000000011025000
00100005000000000000000321780000000047747840005000000001002705
00100005000000000000000321790000011256097500005000000236378046
00100005000000000000000321800000000659667950005000000013853027
00100005000000000000000321810000000070000000005000000001470000
00100005000000000000000321820000000292033510005000000006132704
00100005000000000000000321830000000285563360005000000005996831
00100005000000000000000321840000000586264450005000000012311553
00100005000000000000000321850000000235635720005000000004948350
00100005000000000000000321860000000431510990005000000009061731
00100005000000000000000321870000000027173180005000000000570637
00100005000000000000000321880000000152193980005000000003196074
00100005000000000000000321890000000054841150005000000001151664
00100005000000000000000321900000000053179880005000000001116777
00100005000000000000000321910000000191145030005000000004014046
00100005000000000000000321920000000225523910005000000004736002
00100005000000000000000321930000002261860020005000000047499060
00100005000000000000000321940000000084372110005000000001771814
00100005000000000000000321950000000013588120005000000000285351
00100005000000000000000321960000169243200000005000003554107200
00100005000000000000000321970000000252764970005000000005308064
00100005000000000000000321980000000038125700005000000000800640
00100005000000000000000321990000000102707910005000000002156866
00100005000000000000000322000000000230697770005000000004844653
00100005000000000000000322010000000511584000005000000010743264
00100005000000000000000322020000000122870020005000000002580270
00100005000000000000000322030000001569800580005000000032965812
00100005000000000000000322040000000229168540005000000004812539
00100005000000000000000322050000000173029460005000000003633619
00100005000000000000000322060000000123019840005000000002583417
00100005000000000000000322070000000175825420005000000003692334
00100005000000000000000322080000000069182100005000000001452824
00100005000000000000000322090000000004332000005000000000090972
00100005000000000000000322100000000004245360005000000000089153
00100005000000000000000322110000007850581360005000000164862209
00100005000000000000000322120000000221436520005000000004650167
00100005000000000000000322130000000188377410005000000003955926
00100005000000000000000322140000000081519530005000000001711910
00100005000000000000000322150000000006143500005000000000129014
00100005000000000000000322160000000352840030005000000007409641
00100005000000000000000322170000000520756790005000000010935893
00100005000000000000000322180000000073929550005000000001552521
00100005000000000000000322190000000227843310005000000004784709
00100005000000000000000322200000000068358560005000000001435530
00100005000000000000000322210000000191727200005000000004026271
00100005000000000000000322220000000057198930005000000001201178
00100005000000000000000322230000000112731660005000000002367365
00100005000000000000000322240000000677564530005000000014228855
00100005000000000000000322250000000014811200005000000000311035
00100005000000000000000322260000000131097090005000000002753039
00100005000000000000000322270000003830121090005000000080432543
00100005000000000000000322280000000006840000005000000000143640
00100005000000000000000322290000002499873360005000000052497341
00100005000000000000000322300000010555394900005000000221663292
00100005000000000000000322310000000475676700005000000009989211
00100005000000000000000322320000000923845230005000000019400750
00100005000000000000000322330000000269683400005000000005663351
00100005000000000000000322340000000057198930005000000001201178
00100005000000000000000322350000000869573720005000000018261048
00100005000000000000000322360000000433307000004000000004549724
00100005000000000000000322360000000061435010005000000001290135
00100005000000000000000322370000000040005800005000000000840122
00100005000000000000000322380000000092152510005000000001935203
00100005000000000000000322390000000373324170005000000007839807
00100005000000000000000322400000000364045340005000000007644952
00100005000000000000000322410000000097469890005000000002046868
00100005000000000000000322420000000100271190005000000002105695
00100005000000000000000322430000000020503310005000000000430569
00100005000000000000000322440000001380100340005000000028982107
00100005000000000000000322450000000004303350005000000000090370
00100005000000000000000322460000000472747260005000000009927692
00100005000000000000000322470000000092209850005000000001936407
00100005000000000000000322480000000070000000005000000001470000
00100005000000000000000322490000000140478060005000000002950039
00100005000000000000000322500000000026298060005000000000552259
00100005000000000000000322510000000154492950005000000003244352
00100005000000000000000322520000000074034720005000000001554729
00100005000000000000000322530000002425222590005000000050929674
00100005000000000000000322540000001273268980005000000026738649
00100005000000000000000322550000000093878640005000000001971451
00100005000000000000000322560000001040945200005000000021859849
00100005000000000000000322570000000114875030005000000002412376
00100005000000000000000322580000011372997300005000000238832943
00100005000000000000000322590000000195878210005000000004113442
00100005000000000000000322600000000020097560005000000000422049
00100005000000000000000322610000000122130000004000000001282365
00100005000000000000000322620000000031926820005000000000670463
00100005000000000000000322630000001464503310005000000030754569
00100005000000000000000322640000038488443300005000000808257309
00100005000000000000000322650000000236165700005000000004959480
00100005000000000000000322660000006787192120005000000142531034
00100005000000000000000322670000001888140130005000000039650943
00100005000000000000000322680000001222033810005000000025662710
00100005000000000000000322690000000046235280005000000000970941
00100005000000000000000322700000000006143500005000000000129014
00100005000000000000000322710000000051158090005000000001074320
00100005000000000000000322720000000637381980005000000013385022
00100005000000000000000322730000000124140220004000000001303472
00100005000000000000000322730000002314851530005000000048611882
00100005000000000000000322740000000150719020005000000003165099
00100005000000000000000322750000000639840960005000000013436660
00100005000000000000000322760000000252348300005000000005299314
00100005000000000000000322770000000010225720005000000000214740
00100005000000000000000322780000000299987450005000000006299737
00100005000000000000000322790000000018087110005000000000379829
00100005000000000000000322800000000115633890005000000002428312
00100005000000000000000322810000000043971900005000000000923410
00100005000000000000000322820000017326390900005000000363854209
00100005000000000000000322830000001209646130005000000025402569
00100005000000000000000322840000000001530200005000000000032134
00100005000000000000000322850000000118610550005000000002490822
00100005000000000000000322860000000010869270005000000000228255
00100005000000000000000322870000003781879500005000000079419470
00100005000000000000000322880000011322143400005000000237765012
00100005000000000000000322890000000237593730005000000004989468
00100005000000000000000322900000000115984300005000000002435670
00100005000000000000000322910000000027195000005000000000571095
00100005000000000000000322920000000120336700005000000002527071
00100005000000000000000322930000000012600000005000000000264600
00100005000000000000000322940000000044690280005000000000938496
00100005000000000000000322950000000034928150005000000000733491
00100005000000000000000322960000000057198930005000000001201178
00100005000000000000000322970000000855111430005000000017957340
00100005000000000000000322980000000187149440005000000003930138
00100005000000000000000322990000000101140820005000000002123957
00100005000000000000000323000000000159411720005000000003347646
00100005000000000000000323010000001150199680005000000024154193
00100005000000000000000323020000000491480080005000000010321082
00100005000000000000000323030000000021871950005000000000459311
00100005000000000000000323040000000062695940005000000001316615
00100005000000000000000323050000000976032630005000000020496685
00100005000000000000000323060000000086400000005000000001814400
00100005000000000000000323070000000025270500005000000000530681
00100005000000000000000323080000000022753480005000000000477823
00100005000000000000000323090000001223055500005000000025684166
00100005000000000000000323100000000065799590005000000001381791
00100005000000000000000323110000010287731200005000000216042355
00100005000000000000000323120000000071422900005000000001499881
00100005000000000000000323130000004843348130005000000101710311
00100005000000000000000323140000002657329660005000000055803923
00100005000000000000000323150000000715382770005000000015023038
00100005000000000000000323160000004182514710005000000087832809
00100005000000000000000323170000000002945600005000000000061858
00100005000000000000000323180000004386739140005000000092121522
00100005000000000000000323190000000699313450005000000014685582
00100005000000000000000323200000000801470270005000000016830876
00100005000000000000000323210000000484165360005000000010167473
00100005000000000000000323220000000371886040005000000007809607
00100005000000000000000323230000000933640110005000000019606442
00100005000000000000000323240000004099110600005000000086081323
00100005000000000000000323250000001702133020005000000035744794
00100005000000000000000323260000000011818750005000000000248194
00100005000000000000000323270000000007654180005000000000160738
00100005000000000000000323280000001438059320005000000030199246
00100005000000000000000323290000004060567080005000000085271909
00100005000000000000000323300000000925836960005000000019442576
00100005000000000000000323310000000313200000005000000006577200
00100005000000000000000323320000000302400000005000000006350400
00100005000000000000000323330000000696715680005000000014631029
00100005000000000000000323340000000241608370005000000005073776
00100005000000000000000323350000000890855030005000000018707956
00100005000000000000000323360000000065879880005000000001383478
00100005000000000000000323370000000093264190005000000001958548
00100005000000000000000323380000000076022750005000000001596478
00100005000000000000000323390000000079073950005000000001660553
00100005000000000000000323400000000001414260005000000000029699
00100005000000000000000323410000000136568390005000000002867936
00100005000000000000000323420000000715996720005000000015035931
00100005000000000000000323430000000156392040005000000003284233
00100005000000000000000323440000000189814210005000000003986098
00100005000000000000000323450000000035017960005000000000735377
00100005000000000000000323460000019600471400005000000411609900
00100005000000000000000323470000000165574020005000000003477054
00100005000000000000000323480000000673978550005000000014153550
00100005000000000000000323490000000757416000005000000015905736
00100005000000000000000323500000004210932000005000000088429572
00100005000000000000000323510000001366370200005000000028693774
00100005000000000000000323520000018391632200005000000386224277
00100005000000000000000323530000000064814380005000000001361102
00100005000000000000000323540000000546566240005000000011477891
00100005000000000000000323550000000288304900005000000006054403
00100005000000000000000323560000008736859200005000000183474043
00100005000000000000000323570000000046013010005000000000966273
00100005000000000000000323580000012335874800005000000259053371
00300005000000000000000009870000000041356390005000000000868484
00300005000000000000000009880000000744142120005000000015626985
00300005000000000000000009890000000122702100005000000002576744
00300005000000000000000009900000000206733040005000000004341394
00300005000000000000000009910000000011376740005000000000238912
00300005000000000000000009920000000014914200005000000000313198
00300005000000000000000009930000000009385600005000000000197098
00300005000000000000000009940000001823165850005000000038286483
00300005000000000000000009950000000027774770005000000000583270
00300005000000000000000009960000000031075000005000000000652575
00300005000000000000000009970000000625380690005000000013132994
00300005000000000000000009980000000088136110005000000001850858
00300005000000000000000009990000000124457200005000000002613601
00300005000000000000000010000000000566894750005000000011904790
00300005000000000000000010010000000087500000005000000001837500
00300005000000000000000010020000000223998900005000000004703977
00300005000000000000000010030000002400704860005000000050414802
00300005000000000000000010040000000169050000005000000003550050
00300005000000000000000010050000000076881410005000000001614510
00300005000000000000000010060000000047652350005000000001000699
00300005000000000000000010070000000061510320005000000001291717
00300005000000000000000010080000000115370780005000000002422786
00300005000000000000000010090000001380100340005000000028982107
00300005000000000000000010100000000015535060005000000000326236
00300005000000000000000010110000000025993900005000000000545872
00300005000000000000000010120000000012572590005000000000264024
00300005000000000000000010130000000029548690005000000000620523
00600005000000000000000856760000000962041550004000000010101436
00600005000000000000000856760000210472969000005000004419932350
00800005000000000000000020700000000040663760004000000000426969
00800005000000000000000020700000002466129480005000000051788716
